AIRFOIL_GEO
    53.534191   -0.886156
    53.521709   -0.889972
    53.486427   -0.900738
    53.431286   -0.917485
    53.357571   -0.939698
    53.266182   -0.966974
    53.157864   -0.998968
    53.033264   -1.035315
    52.892925   -1.075634
    52.737297   -1.119583
    52.566822   -1.166849
    52.381943   -1.217082
    52.183022   -1.269890
    51.970360   -1.324928
    51.744289   -1.381893
    51.505161   -1.440433
    51.253265   -1.500135
    50.988827   -1.560628
    50.712105   -1.621580
    50.423382   -1.682586
    50.122852   -1.743169
    49.810600   -1.802893
    49.486717   -1.861381
    49.151272   -1.918207
    48.804180   -1.972939
    48.445232   -2.025323
    48.074306   -2.075309
    47.691425   -2.122860
    47.296631   -2.167889
    46.889919   -2.210389
    46.471432   -2.250439
    46.041454   -2.288000
    45.600197   -2.322865
    45.147690   -2.354884
    44.684029   -2.384062
    44.209435   -2.410352
    43.724064   -2.433566
    43.227909   -2.453570
    42.720989   -2.470400
    42.203415   -2.484071
    41.675228   -2.494509
    41.136299   -2.501792
    40.586613   -2.506249
    40.026363   -2.508198
    39.455753   -2.507821
    38.874828   -2.505437
    38.283836   -2.501623
    37.683361   -2.496891
    37.074066   -2.491471
    36.456459   -2.485561
    35.831165   -2.479505
    35.199135   -2.473457
    34.561226   -2.467131
    33.917912   -2.460106
    33.269451   -2.452186
    32.616165   -2.443272
    31.958303   -2.433204
    31.295910   -2.421995
    30.629154   -2.409977
    29.958530   -2.397470
    29.284555   -2.384539
    28.607529   -2.371298
    27.927855   -2.358127
    27.246283   -2.345338
    26.563572   -2.332891
    25.880196   -2.320707
    25.196636   -2.308941
    24.513636   -2.297677
    23.831842   -2.286670
    23.151529   -2.275734
    22.472973   -2.265057
    21.796768   -2.254864
    21.123533   -2.245121
    20.453644   -2.235873
    19.787672   -2.227474
    19.126644   -2.220074
    18.471508   -2.213247
    17.822655   -2.206485
    17.180326   -2.199715
    16.545111   -2.192950
    15.917591   -2.185852
    15.297937   -2.178110
    14.686316   -2.169877
    14.083368   -2.161351
    13.489822   -2.152266
    12.905985   -2.142252
    12.332076   -2.131325
    11.768719   -2.119538
    11.216583   -2.106495
    10.675893   -2.091686
    10.146743   -2.074979
     9.629574   -2.056266
     9.124767   -2.035006
     8.632137   -2.010656
     8.151354   -1.983256
     7.682575   -1.953041
     7.226094   -1.919804
     6.781693   -1.883238
     6.348982   -1.843608
     5.928099   -1.801438
     5.519432   -1.756790
     5.122885   -1.709522
     4.738113   -1.660055
     4.365335   -1.609190
     4.005216   -1.557256
     3.658011   -1.504170
     3.323529   -1.450298
     3.001993   -1.396673
     2.694494   -1.344291
     2.402697   -1.293498
     2.128409   -1.243738
     1.872920   -1.193405
     1.636083   -1.140461
     1.416427   -1.083982
     1.212941   -1.024809
     1.026484   -0.963906
     0.858548   -0.900370
     0.708940   -0.832073
     0.575715   -0.758048
     0.457354   -0.679248
     0.386773   -0.624670
     0.354094   -0.596773
     0.323197   -0.568429
     0.294057   -0.539567
     0.266666   -0.510137
     0.240974   -0.480070
     0.216881   -0.449325
     0.194299   -0.417903
     0.173115   -0.385788
     0.153218   -0.353034
     0.134516   -0.319740
     0.116910   -0.285986
     0.084875   -0.217618
     0.057096   -0.149002
     0.044950   -0.114884
     0.034072   -0.081012
     0.024554   -0.047417
     0.016498   -0.014146
     0.009995    0.018792
     0.005122    0.051413
     0.001956    0.083712
     0.000567    0.115716
     0.001016    0.147461
     0.003364    0.178959
     0.007669    0.210253
     0.013984    0.241406
     0.022358    0.272453
     0.032839    0.303465
     0.045453    0.334539
     0.060212    0.365746
     0.077126    0.397189
     0.096158    0.428974
     0.117240    0.461179
     0.140314    0.493898
     0.192020    0.561023
     0.281934    0.665878
     0.385195    0.774497
     0.501687    0.885716
     0.631371    0.999616
     0.773025    1.116200
     0.925426    1.234010
     1.088944    1.351100
     1.264950    1.466750
     1.454272    1.581278
     1.657249    1.694852
     1.874746    1.807810
     2.107488    1.922017
     2.353853    2.040317
     2.609529    2.163524
     2.870550    2.288660
     3.136234    2.410912
     3.408969    2.526706
     3.692258    2.634952
     3.989157    2.736852
     4.301075    2.835301
     4.626779    2.933443
     4.962898    3.032426
     5.306404    3.130445
     5.656692    3.224417
     6.015176    3.312319
     6.383515    3.393822
     6.762601    3.469412
     7.152709    3.539609
     7.553833    3.604810
     7.965786    3.665280
     8.388343    3.721106
     8.821368    3.772319
     9.264713    3.819028
     9.718126    3.861283
    10.181430    3.898991
    10.654650    3.932157
    11.137749    3.961052
    11.630419    3.985965
    12.132301    4.006981
    12.643194    4.024199
    13.162823    4.037931
    13.690617    4.048451
    14.225945    4.055750
    14.768365    4.059736
    15.317431    4.060464
    15.872477    4.057902
    16.432880    4.051696
    16.998335    4.041422
    17.568649    4.026883
    18.143442    4.007908
    18.722363    3.984059
    19.305405    3.954824
    19.892794    3.919942
    20.484726    3.879366
    21.081419    3.833106
    21.683199    3.781413
    22.290197    3.724912
    22.902067    3.664245
    23.518284    3.599684
    24.138573    3.531319
    24.762787    3.459451
    25.390577    3.384509
    26.021467    3.306752
    26.655128    3.226372
    27.291245    3.143749
    27.929239    3.059316
    28.568405    2.973246
    29.208210    2.885558
    29.848200    2.796381
    30.487762    2.705838
    31.126305    2.613787
    31.763552    2.520012
    32.399399    2.424585
    33.033539    2.327764
    33.665493    2.229654
    34.294956    2.130239
    34.921703    2.029663
    35.545338    1.928171
    36.165310    1.825781
    36.781288    1.722277
    37.393219    1.617486
    38.001194    1.511396
    38.605434    1.404120
    39.206310    1.296050
    39.804108    1.188021
    40.398693    1.081093
    40.989628    0.976216
    41.576443    0.874273
    42.158520    0.776290
    42.734871    0.683306
    43.304214    0.596044
    43.865288    0.514961
    44.416801    0.440476
    44.957180    0.372813
    45.484776    0.311653
    45.998318    0.256216
    46.497021    0.205697
    46.980293    0.159438
    47.447624    0.116784
    47.898716    0.077073
    48.333466    0.039808
    48.751747    0.004653
    49.153435   -0.028717
    49.538532   -0.060588
    49.907082   -0.091064
    50.259018   -0.120106
    50.594154   -0.147718
    50.912342   -0.173973
    51.213490   -0.198875
    51.497437   -0.222359
    51.763947   -0.244405
    52.012840   -0.265045
    52.243969   -0.284261
    52.457130   -0.301987
    52.652061   -0.318194
    52.828533   -0.332895
    52.986324   -0.346071
    53.125175   -0.357666
    53.244743   -0.367644
    53.344654   -0.375992
    53.424473   -0.382679
    53.483593   -0.387638
    53.521038   -0.390777
    53.534191   -0.391879
